-0.9040956771191325
-0.934848075249309
0.6122086328251091
-0.3714932874267991
-0.7644713816952641
0.20275692783874183
-0.7678648406657379
-0.700159917876319
-0.883862842266071
-0.8365054529204075
-0.718616988144871
-0.32738110284010963
-0.3384936680895271
-0.6178570470134548
-0.6641424344225915
-0.8177075719749439
0.1492751133436953
-0.9398702496864129
-0.6985547502260749
-0.3541296539177235
-0.45701280825379476
-0.7393017305953851
-0.08775442566099394
-0.9207583807585514
-0.8723286898651047
-0.648428035968453
0.5968759869985378
-0.7448127512987724
-0.6659944676981671
-0.16408507887811244
-0.914077816348603
-0.09069579623727206
-0.9669036260837055
-0.6004518189368796
0.007793035131830113
-0.5099709549326108
0.4513727497980263
-0.7412786015777681
0.12686736337088003
-0.7635378104553011
-0.7799624684337
-0.7498414355537654
-0.22528648480600846
-0.5454287563508476
-0.8709317903765862
-0.7106111044046467
-0.5433956412895984
-0.8028465976571382
-0.24353243260007643
-0.225325879236359
-0.7814171792939274
-0.9296359388864475
-0.8933786989464809
-0.7316851992855309
-0.8805880987615339
-0.8912396978192848
-0.9611138506267868
0.27637903785587165
-0.8298952385490103
-0.6690801386317431
-0.8422119957348795
-0.8556941780046721
-0.6993759244500525
0.19631700554036285
-0.5856747331822749
-0.762306040365762
-0.9205422355596085
-0.898333271967626
-0.6087461755292127
-0.6004926363330131
0.5036930361751412
-0.6436871849650488
0.2902831858423297
-0.5945588719662367
-0.9623000850324892
-0.9040956771191325
0.28191157161956526
-0.6564593796840855
-0.20741604249840156
-0.8507047029716227
-0.4562352565965496
0.5786164322895663
-0.9565676015935571
-0.45701280825379476
-0.7409568420968987
-0.9700600032262365
-0.35632878443190896
-0.39744311363619805
-0.5470995357424198
-0.44364076141724856
-0.8223787101972486
-0.8273013659477589
-0.8714606478918793
-0.34330038085295994
-0.8350459895037535
0.08090153770233163
-0.5997663308662764
-0.8481784682439353
-0.8850053104653361
-0.7954622270532621
-0.6310862220062958
-0.3503972556520121
-0.7096577932283146
-0.12427578508302567
0.599282940913955
-0.8233599166724198
-0.7883839556789762
-0.31923679620024664
-0.7762692431987092
-0.9309895890623486
-0.6700226222898321
-0.8137811725621902
-0.8098691594079792
-0.6313567932936659
-0.5021879696917181
-0.769767196941283
-0.696045298074141
-0.5161128435562745
-0.34851055688434707
-0.14659196630333182
-0.07405813335093468
0.3193165639933002
0.10076140441714225
-0.865963873510149
-0.08512326494357829
-0.4159463529160118
-0.667591724421907
-0.4743321350836528
-0.9545396209753055
-0.7869244798815532
-0.6525962285959007
-0.930585309506679
-0.10985107802273217
-0.7101435753560443
0.7628471396172676
-0.9307701303078781
-0.44799780798557726
-0.528823681023773
-0.7224100076958723
-0.40298390274984214
-0.32738110284010963
-0.9728637831100126
-0.7614615950522038
-0.05664263953316392
0.14799690334205498
-0.07399671586977494
-0.5423285102888923
-0.6006008633155302
-0.9229825779675539
-0.6556331898876999
-0.930585309506679
-0.10985107802273217
-0.7101435753560443
0.7628471396172676
-0.9307701303078781
-0.44799780798557726
-0.528823681023773
-0.7224100076958723
-0.40298390274984214
-0.32738110284010963
-0.9728637831100126
-0.7614615950522038
-0.05664263953316392
0.14799690334205498
-0.07399671586977494
-0.5423285102888923
-0.6006008633155302
-0.9229825779675539
-0.6556331898876999
-0.930585309506679
-0.10985107802273217
-0.7101435753560443
0.7628471396172676
-0.9307701303078781
-0.44799780798557726
-0.528823681023773
-0.7224100076958723
-0.40298390274984214
-0.32738110284010963
-0.9728637831100126
-0.7614615950522038
-0.05664263953316392
0.14799690334205498
-0.07399671586977494
-0.5423285102888923
-0.6006008633155302
-0.9229825779675539
-0.6556331898876999
-0.4013517897398843
-0.8392249412502245
-0.806539929257842
-0.0641832129802994
-0.3310696130420601
-0.9464626416782398
-0.653840523749121
-0.9960107837585338
-0.9897711686016459
-0.6925224823567155
-0.9152815160802402
-0.9179413334830978
-0.8143647037982498
-0.60676249404075
-0.9257609622381563
-0.6445045486373727
-0.32116342519145735
-0.9076036870335383
-0.27098754125163343
-0.9278282390412761
-0.8384692815229309
-0.7419478191759644
-0.829135831219134
-0.8102854020938983
-0.2885134331776496
-0.8042929241508708
0.6324060174007579
-0.7501872965996399
-0.741591081594995
-0.4702158462511673
-0.7863321241635366
-0.9197466961111097
-0.9001815143666079
-0.1336936497533372
-0.23409613660251669
-0.9438483538776006
-0.2251343400127795
-0.949246798863884
-0.8066359265034807
0.6595770673963496
-0.890616750590173
-0.938272754029962
-0.74456011043703
-0.87728815723389
-0.8212540052263042
-0.8323666385995893
-0.916952126853161
-0.5635595869886213
-0.9502552129922531
-0.6861409282351906
-0.1602739079863486
-0.6779317401987879
-0.6978092597689691
-0.7478046323004597
-0.9069357296986347
-0.8274937506517666
-0.894411353383594
0.10913980681926368
-0.9571404537271037
-0.27516522644609315
-0.9611138506267868
-0.6969324088688805
-0.8817543587695819
-0.24021298089819046
0.3709522298776993
-0.6541634336123299
-0.7446547254315612
-0.12437196622292226
-0.6322019268082679
-0.576573007843442
0.33693610133416513
-0.45734104439740236
-0.14735003306105335
-0.6472779610454503
-0.25715024606010123
-0.45701280825379476
-0.5326961383444507
-0.7538113618239964
-0.7705677750665723
-0.9588893258995635
-0.7242800373375646
-0.9765130572664902
-0.8049566816824345
-0.4060521336104936
-0.433269313852356
-0.5760153680985921
-0.6892460250139317
0.7915827757861643
-0.6504821168843788
-0.7611608439592279
-0.7754520252762882
-0.33972635476201657
-0.6393581650640887
-0.3734050991542906
0.13300244852590767
-0.5000849612634694
-0.8837051885418271
-0.3973786929469064
0.4288351330874177
-0.9446416216913721
-0.8688139297851226
-0.5100628521776882
-0.7653620892550522
-0.6440447127814682
-0.2772790526353402
-0.9313217184192573
0.45058803213444937
-0.6931002222020507
-0.2947728488201001
-0.9698876143102704
-0.9372779400008586
-0.6119562205547759
-0.7951324038080056
0.8950265940685341
-0.7996335893944884
-0.7622507367813643
-0.8125560704609368
-0.924644584821883
-0.8657057282791208
-0.1111799832975208
-0.9165480438618634
-0.849825920899663
-0.9197466961111097
-0.6179317062515893
-0.30533015859570956
0.21123297035327449
0.8118970907162877
-0.5869751414951955
-0.7027527689930476
-0.9850325281529435
0.005991206458841371
-0.7001304197982211
-0.6976221756290605
-0.5011587037266394
-0.7614615950522038
-0.3179306219571846
-0.6376497677147488
-0.8727471918675886
0.08383461508630796
-0.8993203416414084
-0.9474105757788683
-0.667591724421907
-0.6055501018712022
-0.6076125912039751
0.0374070863912206
-0.9545407223043344
-0.9641434359468585
-0.2447452311423167
-0.7710875360544273
-0.8874311798068015
-0.4733551154860405
0.7362874962184227
-0.5916361360918051
-0.8596705434019556
-0.5916361360918051
-0.25772632764038467
-0.8868925400888418
-0.6326785100510249
-0.5365007612552704
-0.5427941482958845
-0.9951321279690873
-0.6474716085312536
-0.6322019268082679
-0.9592658738011441
0.26846819009727757
-0.7195181968609662
-0.8850053104653361
-0.8854109963848715
-0.9296359388864475
-0.42102340436237157
-0.187802226383604
-0.791449135127144
-0.9227153510609362
0.8411548144919635
-0.9220180723077992
-0.9351163535281035
-0.9194774039950199
-0.1300089279399512
-0.05748394988836351
-0.4532269619894743
-0.46237473128837664
-0.6144395081400141
0.5518370295350604
-0.7189665808073401
-0.5427941482958845
-0.7657109164996696
-0.676043332531326
-0.922268117875485
-0.35721831602623455
-0.5935941806590764
-0.6376497677147488
-0.6697550005953554
-0.8524132321900725
-0.8765213296786961
-0.6063530534481717
-0.8010175670302738
0.05716879927646879
-0.7435558926562522
0.8857688971156849
-0.6698117915853653
-0.964131968677572
-0.8223787101972486
-0.630647820584553
-0.5152091440908863
-0.024299824422844007
-0.614209863197065
-0.7969545177110173
-0.8430523330037349
-0.6908748174113253
-0.6322019268082679
-0.7632312032590559
-0.8383092305945274
0.8100439875976762
-0.9501708237431066
-0.9669036260837055
-0.9062561192960863
-0.6649540369437873
-0.7743737760310877
-0.6691392443169683
-0.10974280383764316
-0.6376497677147488
-0.470079928803818
-0.3297618810086907
-0.21997556483868094
-0.667591724421907
-0.8850053104653361
-0.9378082912253971
-0.3834362874148625
-0.6797735179696253
-0.7178865883489992
-0.15463700461737528
-0.8228955911911625
-0.15931511403892
-0.3247537007610607
-0.8969148538960885
-0.8980431430311504
-0.5548563783900171
-0.8016381250470406
-0.7902900861528941
-0.885278253144404
-0.6654295629110197
-0.7049433779905276
-0.7308905896794132
-0.44799780798557726
-0.6975433603489074
-0.37801390155382736
-0.8196259051806791
0.06015329161013468
-0.22122329331144652
-0.3893772725586778
0.6228482554209819
0.06540958708105486
-0.9012366375337101
0.3493177262231722
-0.29458649964892847
0.4532544414918239
-0.6379605621453871
-0.8979957144284743
0.5705616113256812
-0.7316851992855309
-0.7688800116658429
-0.7786245415331466
-0.8593308536042513
-0.6360063578626035
-0.029238200541685886
-0.8066359265034807
-0.521561594457875
-0.34752505424803837
-0.7861471005284326
-0.7783080323238383
-0.7865908587613595
-0.949246798863884
-0.21221747386292739
-0.6195871548483888
-0.715903669446201
-0.4451079518766502
-0.37972399990784667
-0.3803787736155191
-0.7186803319788075
-0.5144199076715075
-0.6560603822160265
-0.6121561737298268
-0.1305525386307184
-0.10212859036295405
-0.5630822762450601
-0.31672966982916084
-0.6076125912039751
-0.6376497677147488
-0.6185655564487311
0.07217681037208101
-0.8555574457924723
-0.8963956906289605
-0.5794133479458361
-0.5916361360918051
-0.7508836714407041
-0.7603880199300636
-0.7638883842723071
0.5802720308104784
-0.7986694100032212
-0.7605655213609285
-0.7885306417724589
-0.5548563783900171
-0.7091491784931804
-0.5427296438753044
-0.8369694477544295
-0.60676249404075
-0.9203778223445968
-0.4022751399059037
0.3575990211960484
-0.7988295782449774
-0.16408507887811244
0.3624321281813965
-0.681932911290859
-0.9380285276267157
-0.7939559176556762
-0.5561770369945168
-0.7995043970852873
-0.9653361610447542
-0.9674305080830002
-0.9384431563198607
-0.5296273516512116
-0.11063993598988585
-0.6376497677147488
-0.7869568804693987
-0.877556918312322
-0.9374060055627911
-0.8338253729085585
-0.5265208481613692
-0.6894728050009391
-0.22728022341537943
-0.89297687903988
-0.423131935745127
-0.30083467585718454
0.009306184447575389
-0.6043401198585626
-0.6872446193404759
-0.891416750158816
-0.7965837979750316
-0.8866431499458249
-0.8553710280456986
-0.8097759243300274
-0.9307540628104544
-0.5527580232362929
-0.7663025049964454
-0.2006003099538411
-0.3560471922547229
-0.30059713715419806
0.11303637456163726
-0.9504369529486074
-0.9343649989703249
-0.8871979510400864
-0.8383092305945274
-0.4420147783451538
-0.9547795808475188
-0.9606385738778979
-0.6388742496968804
-0.700159917876319
-0.6760744827640827
-0.2746555311111681
-0.5359257560883429
-0.8795005859042304
-0.5949247893475244
-0.4678428347341223
-0.8518493115139911
-0.8223787101972486
-0.8567714383497356
0.21328913738681174
-0.8115748279583042
-0.5446093797633297
-0.7105302368607449
-0.7952952627947063
-0.19768676772907712
