0.19209688901901245
0.2454758584499359
0.929653525352478
0.5
0.5
0.8685153126716614
0.216441810131073
0.748579740524292
0.5
0.09183567762374878
0.731371283531189
0.5
0.18780460953712463
0.8319037556648254
0.11401715874671936
0.011948555707931519
0.8566574454307556
0.07575428485870361
0.09771829843521118
0.5
0.5
0.2015644907951355
0.7526739239692688
0.5
0.22584885358810425
0.23131030797958374
0.5
0.8035566210746765
0.7655818462371826
0.8385313749313354
0.0965208113193512
0.7751594185829163
0.12322035431861877
0.7538419961929321
0.17070576548576355
0.5
0.5
0.5
0.5
0.16033124923706055
0.20740842819213867
0.7067645192146301
0.2365347445011139
0.1266402304172516
0.11006227135658264
0.14688241481781006
0.5
0.5
0.1522688865661621
0.7768847346305847
0.8963820934295654
0.022761434316635132
0.5
0.731371283531189
0.6998341083526611
0.7024526000022888
0.03504189848899841
0.9019380807876587
0.02167615294456482
0.7688867449760437
0.12214004993438721
0.5
0.5
0.9302047491073608
0.7590827941894531
0.5
0.5
0.17357996106147766
0.5
0.1434919238090515
0.5
0.5
0.862672746181488
0.04335656762123108
0.14810964465141296
0.19209688901901245
0.898392915725708
0.8159925937652588
0.5
0.7455532550811768
0.8528470396995544
0.9187486171722412
0.18203651905059814
0.5
0.5
0.11123126745223999
0.8037734031677246
0.7154779434204102
0.5
0.8436731100082397
0.1074884831905365
0.5
0.19420385360717773
0.5
0.9051128625869751
0.5

















0.14817965030670166




































































0.06668010354042053















0.8980398774147034



































0.20178627967834473





































































































































































































































































































0.8614722490310669
0.04535433650016785

0.18355238437652588
0.8070820569992065
0.2193533480167389



0.19787275791168213
0.21121251583099365
0.05541464686393738
0.08618760108947754
0.09438693523406982
0.13516637682914734
0.2107067108154297
0.748579740524292
0.9025141000747681

0.9446804523468018

0.7685420513153076
0.15978211164474487

0.1074884831905365
0.18298354744911194




0.5
0.5
